Files already downloaded and verified
Loading pretrained model from retinaface/weights/retinaface_resnet50_2020-07-20.pth
remove prefix 'module.'
Missing keys:0
Unused checkpoint keys:0
Used keys:456
0.9561128616333008
0.9561128616333008
0.9561766584714254
0.9343949854373932
0.9313564538955689
0.9126246273517609
0.9113695451191494
0.8986996412277222
0.8995903531710306
0.8894012153148652
0.8947408307682384
0.8971555878718694
0.9019115750606244
0.9013451508113316
0.8990986108779907
0.8429049476981163
0.846504807472229
0.8525881701045566
0.8558625484767713
0.8588094890117646
0.8620150685310364
0.8615558635104786
0.8638588604719742
0.8668871894478798
0.8664226102828979
0.8686440128546494
0.8709933272114506
0.8735674683536802
0.8738141491495329
0.874720166126887
0.8761131532730595
0.8762836046516895
0.8784154870293357
0.8770227414720199
0.8793049471718924
0.8802477055125766
0.8805606671281763
0.8808571570797971
0.8802630794353974
0.8812503039836883
0.8825723209032198
0.8839144635768164
0.8839586196943771
0.8854742822321978
0.8870769527223376
0.8879910668601161
0.887143573862441
0.8879921498397986
0.8890386418420442
0.8891121196746826
0.8893764766992307
0.8904765855807525
0.8912361534136646
0.8918910854392581
0.8921115723523226
0.8923241847327777
0.8920588974367109
0.8923918399317511
0.8933026750208968
0.8941831489404043
0.894044641588555
0.8949795807561567
0.8950421280331082
0.8952334858477116
0.8953003241465642
0.8955334000515215
0.8952403219778147
0.895306779181256
0.8823313186134117
0.8831465678555624
0.8839388523303288
0.8842478800151083
0.8843856560040827
0.8843468846501531
0.884951094786326
0.8843947696058374
0.8849783702330156
0.8844789587534391
0.8845714323128326
0.8855809263885022
0.8849980934166614
0.8857263857271613
0.8856602368584598
0.8855727407194319
0.8863371182890499
0.8858813899894094
0.8864028871744528
0.8870136764916506
0.8875358185071623
0.8876153144571516
0.8878823669402154
0.8882665459228598
0.8888708961907253
0.8896383192945034
0.8901320865279749
0.890039804081122
0.8903495061028864
0.8908527444820015
0.8911643660429752
0.8909647417068481
0.8911377763984227
0.8914789686016008
0.8918783045509486
0.8913521233659524
0.8917563580331348
0.8922311702989182
0.8926971075690795
0.8928707926361649
0.8921855726373304
0.8925028882243417
0.8928144864133887
0.8931921598102365
0.8924453495878034
0.8926369317790919
0.892384207766989
0.8926891514967228
0.8931381631101298
0.8932988295110605
0.8929400138494348
0.8932246372103692
0.8927418737372091
0.893093958252766
0.8934372081989195
0.893445179347069
0.8932325167655945
0.8922589473308079
0.8922023421197426
0.892469443846494
0.8925069173177084
0.892815579359348
0.8921422908324321
0.8921090314785639
0.8918986593870292
0.8915727231929551
0.8912516156832377
0.8913232223952517
0.8916509060093957
0.8918467786001123
0.8922335179589636
0.8925551210130964
0.8928488649375049
0.8932259481557658
0.8932820479352991
0.8933997948964437
0.8938885454473824
0.8943152072494978
0.8945732035604465
0.8946455862071063
0.894800677395507
0.8888353395462036
0.888212757789536
0.8883853068477229
0.8880656603115057
0.8877501650290056
0.8880214683471187
0.8882257965130683
0.888509956135112
0.8886774054056481
0.888792207780874
0.8890058379620314
0.8894627982785243
0.8898426180268512
0.8900934874645772
0.8900993815282496
0.8904243512587113
0.8904235143977476
0.8901757048275656
0.8897124802072843
0.8898680848482798
0.8901886824299308
0.8903478418874462
0.8905772275702898
0.890723685997759
0.8910114357526275
0.890972979409354
0.8910054777833548
0.8911141965348842
0.891316212630004
0.89112784010072
0.8913545303874546
0.8916125768456011
0.8915873589096489
0.8916978409381512
0.891867412497168
0.8921745551599038
0.892282118399938
0.8923754873760243
0.8924678630651312
0.8927195343390975
0.8928415392574511
0.8931214409972985
0.8934872187674046
0.8937594835004659
0.8938635406420403
0.8939261042154752
0.8933024722702649
0.8930806798983346
0.8929400525309823
0.8927636862400189
0.8928885120153427
0.8930950461335443
0.8932404134533193
0.8932658090380025
0.8933967486316082
0.8930881907300251
0.8932824730873108
0.8934484106906946
0.8934923914762644
0.8933878854701394
0.8932456660838354
0.8934456852940021
0.8936069318146076
0.8938231207955052
0.8940372893186374
0.894213746314825
0.8939958435517771
0.8900387686793156
0.8900147161079109
0.890344435357612
0.8904686826196584
0.8907082198162424
0.8909053137978992
0.8909441177887767
0.8911661962047219
0.8914425424734751
0.8916808441940662
0.891796486624537
0.8918185224919989
0.8916904485121565
0.8878135335186254
0.8879051769708658
0.8878353190576208
0.884024867044498
0.8842691046814634
0.8844657762253538
0.8845376969646599
0.8847996551024763
0.8844392436141727
0.8844010796257642
0.884559744472305
0.8845863922255662
0.8848505994258833
0.8848625074443504
0.8849270850664279
0.8850574660057924
0.8853916703927808
0.8854478581955558
0.8854925044842304
0.8857270501942999
0.8858734623193741
0.8849380620684757
0.8851089088453187
0.8853316581531947
0.8855687381010356
0.8858085353000491
0.885746200219728
0.8856742404082406
0.8854759098716485
0.8856867888949552
0.8859881581022189
0.8859805527546397
0.8860281802543247
0.8861546458626881
0.8863597829459291
0.8858953618778372
0.8861513490739622
0.8864206867048356
0.8866135601454707
0.8868670874590324
0.8871187367924938
0.8873336778135757
0.8874029662898358
0.8876423847762657
0.8878002813915267
0.8880488303574648
0.8881049193981765
0.8882908968503724
0.8850956058545079
0.8819232201704414
0.8815363352852208
0.8813122929839478
0.8814377086171021
0.8816219773604255
0.8818556493226911
0.8819016576858989
0.8820556772130352
0.8822937469656874
0.8823552269281613
0.8825133353162389
0.8826703533016402
0.8825050146923852
0.8826189589214651
0.8827933383272777
0.8827597380292659
0.8828416360636889
0.8825793420342175
0.8827081341735442
0.8827383253198342
0.8828658002076739
0.8828887751698494
