Files already downloaded and verified
Loading pretrained model from pretrained/retinaface/retinaface_resnet50_2020-07-20.pth
remove prefix 'module.'
Missing keys:0
Unused checkpoint keys:0
Used keys:456
0.648287832736969
0.648287832736969
0.5492035945256551
0.5007661432027817
0.48011261224746704
0.4446076254049937
0.46200850180217196
0.45685139298439026
0.43597360452016193
0.4486766278743744
0.44926792654124176
0.4570815985401471
0.47239058980574977
0.4667682158095496
0.4535867154598236
0.46029176749289036
0.46608220303759856
0.4676261593898137
0.4569370777983415
0.4473169043660164
0.43873841563860577
0.4308649017052217
0.4238094441268755
0.4220883908371131
0.4190087389945984
0.42309564581284154
0.42451061805089313
0.4244235275047166
0.41905245287665005
0.41513678232828777
0.4125455963996149
0.4087682068347931
0.40452327330907184
0.4044230773168452
0.4000496796199254
0.4003300782707002
0.39671964661495107
0.3932992376779255
0.3925928397056384
0.39066372960805895
0.3894867998797719
0.3944746440365201
0.39548205428345257
0.3994554369287057
0.40350123312738206
0.40456079853617627
0.4016621753256372
0.40300436938802403
0.402584150129435
0.40241580963134765
0.4038962160839754
0.4049823788496164
0.40556795304676274
0.4030471411016252
0.40487778186798096
0.4066430426069668
0.40420900363671153
0.40324971953342703
0.4049589871349981
0.40661127914985024
0.4043143631004896
0.4036234362471488
0.4014170150908213
0.3992321975529194
0.40173575144547685
0.4010791841781501
0.3993472861709879
0.3972410458852263
0.3926575261613597
0.3924308087144579
0.3922104776745111
0.39049075833625263
0.3906088944983809
0.3925552021812748
0.39320743521054585
0.39156711572094965
0.39195239621323424
0.3903539268634258
0.3898917870431007
0.39116109274327754
0.3895653688613279
0.39104498414004724
0.3907292503190328
0.39068529577482314
0.3923485615674187
0.3909007660871328
0.39088544729112207
0.39177549427205866
0.39040078473894785
0.38943431708547804
0.38900649482077293
0.3887517355058504
0.3900725258293972
0.39181194850739015
0.3942008532975849
0.39290450140833855
0.3940085922319865
0.3946134560570425
0.39539854785408635
0.3940877038240433
0.39284785431210356
0.38858081046126636
0.38950878522783805
0.38966192559410745
0.38851645471794266
0.3897550727047448
0.3909705389534759
0.39021940443112896
