Files already downloaded and verified
Loading pretrained model from pretrained/retinaface/retinaface_resnet50_2020-07-20.pth
remove prefix 'module.'
Missing keys:0
Unused checkpoint keys:0
Used keys:456
0.6583760976791382
0.6583760976791382
0.5734606782595316
0.5542871654033661
0.5336467623710632
0.4881995916366577
0.5048194357327053
0.4861399903893471
0.4615961280133989
0.46160123944282533
0.46976101940328424
0.4629298001527786
0.47204313369897694
0.47266155907085966
0.45808573563893634
0.46359899267554283
0.4723304545178133
0.47470973597632515
0.4677124666540246
0.46141492426395414
0.4521100081148602
0.44366045838052576
0.43607442923214124
0.43332015350461006
0.4267678415775299
0.43416028870986056
0.43078436564516137
0.42843260722500937
0.4229060524496539
0.41774747172991433
0.4153726331649288
0.4122263416647911
0.4078839927008658
0.4055159915896023
0.4016373838697161
0.40050380759769016
0.3968209310157879
0.3933318900434594
0.39407890270917845
0.39374989122152326
0.3926549931851829
0.39868577747117906
0.3975975527319797
0.40090647068890656
0.4043473932478163
0.40456367834754614
0.4014417123287282
0.40204523131251335
0.39929304500015417
0.39772535622119903
0.39669762113515067
0.396113474208575
0.3957929549352178
0.39345737132761216
0.39457297379320316
0.39564873331359457
0.39342849976138067
0.39240479212382745
0.39381664940866373
0.39518144478400546
0.39867698511139293
0.39787438079234094
0.3951870770681472
0.39321104111149907
0.3943198580008287
0.39510226249694824
0.39372708815247265
0.3918297935058089
0.3873246977294701
0.3878662156207221
0.3883924794868684
0.388050850894716
0.3864854402738075
0.38861682044493184
0.38973533233006796
0.3881313847868066
0.3875891465645332
0.38602651502841556
0.38543531411810766
0.38768097311258315
0.38619873111630665
0.3876304321172761
0.3881694534456874
0.38833842603933244
0.3905803322792053
0.3891298736250678
0.388600617647171
0.3887096145613627
0.3888293025868662
0.387507007850541
0.38615769901118435
0.38643579865279404
0.38780213459845514
0.3877600903840775
0.38899990602543477
0.38827570403615635
0.38913401992050645
0.38926576503685545
0.38803735947368123
0.38682622969150543
0.38566027714474366
0.3845253174795824
0.38562313503432044
0.38449669686647564
0.38338988366581145
0.38467440037232525
0.38593490742077335
0.38481063064601684
0.38516093038637705
0.38411111587827856
0.3830802169469026
0.38342852012387346
0.38237657299083944
0.3814557782913509
0.3816681550896686
0.38209723449986555
0.38292820051185084
0.38278355638859635
0.3834439045240899
0.3827286233504613
0.38103955269845063
0.38031109703368826
0.38051608398677855
0.3820430739752708
0.38114608931541444
0.3802464171534493
0.381106473329499
0.3820308668073267
0.3811485381551491
0.38247541028719684
0.3816094418973413
0.380734498527917
0.3810069599097833
0.3801534805280059
0.37931264528521785
0.37932849565849586
0.3796429888610422
0.3794767878193786
0.3798909929158876
0.3811829213585172
0.381999820048082
0.3823582804958585
0.3815698223514157
0.38263942466841805
0.3820038421400662
0.38182080302336446
0.3828483225942469
0.3819786573986749
0.38117766460316294
0.3793202724059423
0.3783863050653445
0.37858948013500165
0.3778512261661829
0.3771225599112449
0.37722643556133395
0.3791581994065872
0.379983453803761
0.3799665402385253
0.37926771149695293
0.3785767475143075
0.37852262080826377
0.3780410352312488
0.3782309487553462
0.37792122909208625
0.37891250957142225
0.37822306263877686
0.3783830718365972
0.37772612273693085
0.3774166101887381
0.3778524723123102
0.3772213086050156
0.37734015459238096
0.377674455243039
0.3780913606457327
0.3774675599166325
0.3768567153337327
0.3770939729644754
0.3770919879165928
0.3764403906947408
0.376581252945794
0.37761277092095896
0.37700484971423726
0.37714952377022287
0.3783064405231372
0.37895892777958434
0.3801084889840054
0.38100140856549064
0.381884829002492
0.381377026359871
0.38162834910969984
0.3820841493406845
0.38231564809878665
0.38206713403444836
0.38210804714370017
0.3823651775335654
0.3817865387821684
0.3815695829500402
0.3808150446475154
0.38072150676094707
0.3814191296696663
0.3824044036034921
0.3824629521015847
0.38202425000702805
0.38178640311839535
0.38216570950135953
0.3824954537801372
0.38374803103686533
0.38360914100821203
0.38305995923480346
0.3825155092137201
0.38329517036252675
0.3828787217443844
0.3837477499050713
0.3846086563072472
0.385340246904728
0.38478450877247034
0.384226047360952
0.3842348105043446
0.385231161090337
0.38558835075660186
0.38619577250869025
0.38664758930335175
0.38719827150550123
0.38715157471597195
0.38771734476089476
0.3885912871466274
0.38863286021522486
0.38811185995214864
0.3887840018782553
0.3875822924077511
0.3885171291180503
0.3876610887397466
0.3865206129049539
0.38669692285549945
0.3875667337407457
0.3877114332833533
0.3878932625432558
0.3873965455954816
0.38679600771999756
0.38666472894450027
0.3861751024653803
0.38644747694661796
0.38667252917348605
0.386382987997571
0.3862684511408514
0.3870435147508373
0.38685187094124707
0.3863776659052218
0.3860735609588853
0.3869624778032303
0.38649535024783527
0.38689815666940475
0.3871096928600266
0.3878178962572353
0.38728633674920776
0.38726701017003506
0.3868128521665061
0.38706196105295376
0.3874726845490886
0.3878371379696406
0.38738556531654006
0.38754436225836514
0.38770288852231133
0.3878450288691304
0.3873557712671892
0.3877447699021576
0.38809800516353565
0.38769408371021497
0.3878295758399822
0.38796406432434366
0.3878457219618273
0.38770471962497516
0.38752785128551526
0.38781842741652994
0.3883023353056474
0.38816825894341955
