Files already downloaded and verified
Loading pretrained model from pretrained/retinaface/Resnet50_Final.pth
remove prefix 'module.'
Missing keys:0
Unused checkpoint keys:0
Used keys:456
0.4219358265399933
0.4219358265399933
0.418607622385025
0.4365527927875519
0.403153395652771
0.3976507782936096
0.39211103320121765
0.38909391686320305
0.3962479266855452
0.4158711522817612
0.4146716459230943
0.41468407462040585
0.41958936819663417
0.40875270536967684
0.40714272658030193
0.411055326461792
0.4114217635463266
0.4034399257765876
0.3954499442326395
0.38825896084308625
0.3824320648397718
0.38247672807086597
0.38355367209600366
0.37880172953009605
0.37933789610862734
0.38775326082339656
0.38915719036702756
0.3871245746101652
0.38301510235358927
0.3796580483516057
0.37598933808265195
0.3751176744699478
0.3744824474508112
0.3737146354773465
0.3736850440502167
0.37077754984299344
0.36798161751515157
0.365332839520354
0.3662202320037744
0.36556048318743706
0.3631288154823024
0.3669100481839407
0.3704658947711767
0.3717629956928166
0.37254190511173674
0.3752188054115876
0.3728887635342618
0.3743291012942791
0.37450981869989514
0.3733431202173233
0.3755464010378894
0.3758508969958012
0.37748565707566606
0.37612832420402104
0.3798495124686848
0.3834378011524677
0.38131074319806013
0.3793839293307272
0.38043697254132414
0.3814549143115679
0.382607135616365
0.3853610927058804
0.38348173669406344
0.3834882965311408
0.3852792895757235
0.3865473758090626
0.3873166548672007
0.38557463752872806
0.3818729772515919
0.38256789126566476
0.38324323023708773
0.38166729795436066
0.3799549849474267
0.38009728068435517
0.37994058152039845
0.3784894180533133
0.38048557859736604
0.3790349671855951
0.3809896354811101
0.38343255016952754
0.3857454394484744
0.38677534769947935
0.38530518724975815
0.3861610508036046
0.3883828291121651
0.38692405525335044
0.3859448431209586
0.3845953932878646
0.3848670983917258
0.3860386220945252
0.3847442133413566
0.38348835042637325
0.38386743091126924
0.38489514129593017
0.38796169365707195
0.38672487204894423
0.38798850544334684
0.38872834538318674
0.38742065775876094
0.3861199651658535
0.3849980416569379
0.38417279793351305
0.3845768618641548
0.38347389018879485
0.3823467871972493
0.38293879816554627
0.3835197435082676
0.38237403236605505
0.38405390357205627
0.38446552496064795
0.38486972974764333
0.385530979372561
0.3845007030573566
0.38348562322687685
0.3824510824421178
0.38276391874613436
0.38179268630651325
0.3830879177835028
0.38411359914711546
0.3837009267260631
0.38172682491708393
0.3825230030495612
0.3834422006597364
0.38389338204456913
0.38291005647182463
0.3819757412586893
0.38156018893080434
0.3828643955057487
0.38257694048012875
0.38340584807671035
0.38251288417186446
0.38181253014640376
0.3812373980767745
0.38031825856931173
0.37941273594344105
0.37856447225546136
0.3790551814502173
0.3782321563449459
0.3791502498679881
0.38006807597620146
0.3801381438970566
0.3809863256526665
0.380182767560432
0.3814525946767794
0.38150115578339017
0.3821711731079507
0.38308200331366793
0.3827843091173752
0.38200161171039476
0.3821149836977323
0.3813518685418249
0.38057285047283296
0.3798054763499428
0.37904806812475256
0.37951083577448325
0.38087473895687324
0.381751522991308
0.3810291183711607
0.38030288719905997
0.37961266776546837
0.37969541688513314
0.37900906184941163
0.37837816464023355
0.3785529315653371
0.3782585845752196
0.3775720678000565
0.37692539947118586
0.37628494584489436
0.37586195096814423
0.3758951195022639
0.37533413989153525
0.37470686704266903
