Files already downloaded and verified
Loading pretrained model from retinaface/weights/Resnet50_Final.pth
remove prefix 'module.'
Missing keys:0
Unused checkpoint keys:0
Used keys:456
0.9343957901000977
0.9343957901000977
0.94253538052241
0.9231641739606857
0.919794499874115
0.9108130137125651
0.9151867372649056
0.914451576769352
0.9085996217197843
0.9010155200958252
0.9034895355051215
0.9065329680840174
0.9095019652293279
0.9097360329968589
0.9082958340644837
0.9081335179507732
0.9080357411328484
0.9087256756093767
0.9093808970953289
0.9099705964326859
0.9100645439965385
0.9075689261609857
0.9083441029424253
0.9098394985000292
0.9103180050849915
0.9097272707865789
0.9095518589019775
0.9088454991579056
0.9060583772330448
0.9067878723144531
0.9073326260812821
0.9082854483276606
0.9092703407460992
0.908445360029445
0.9095609562737601
0.9085526300801171
0.909254388229267
0.9099192117389879
0.9102824223347199
0.9112479150295257
0.9111164968188216
0.9118720690409342
0.9125255055205767
0.91234997456724
0.9121822449896071
0.9126265917135321
0.9114704677399169
0.9121915884315968
0.9131023385086838
0.9131729125976562
0.9124306767594581
0.9130682268967996
0.9135631491553109
0.9139401272491172
0.9146315357901833
0.9152982511690685
0.914218192560631
0.9131482695711071
0.9138516884739116
0.914531660079956
0.914711314146636
0.9152001950048632
0.9156884702425154
0.9153671059757471
0.9158890348214369
0.9158245334119508
0.9159134537426393
0.9152202895459007
0.9019562273785688
0.9027376864637647
0.9034971326169833
0.9039533527361022
0.9028030780896749
0.9015011497446008
0.9023208085695903
0.9025489695762333
0.9029042372455844
0.9028864281299787
0.9034870621524279
0.9040508292615413
0.9038153268672802
0.9041361561635646
0.9027728682540985
0.9030853197688148
0.9035416981753182
0.9013724514218264
0.9019865133296484
0.9023684459653768
0.9023997643020716
0.9026922543843587
0.9024353361391759
0.9028658795615901
0.903082614303917
0.9031692882801624
0.9036679895300614
0.904159509887298
0.904568310250941
0.9050147338789336
0.9046010453291614
0.9046266859769821
0.9039442096606339
0.9038871532561732
0.9039349741148717
0.9035747056970229
0.9033541565849668
0.9037183759347448
0.9040757874462092
0.9036608503924476
0.903928239958002
0.9043084177103909
0.9046817454131874
0.9046684381152902
0.9038073758108426
0.9035500397807673
0.9034481183342312
0.9037757048319126
0.9038907961967664
0.9043944806365644
0.9037413056157216
0.9039846221605937
