Files already downloaded and verified
Loading pretrained model from pretrained/retinaface/Resnet50_Final.pth
remove prefix 'module.'
Missing keys:0
Unused checkpoint keys:0
Used keys:456
0.38315412402153015
0.38315412402153015
0.3804102937380473
0.3472546711564064
0.35752888321876525
0.38261552155017853
0.4186419206006186
0.4193757586181164
0.4262258940272861
0.4435072124004364
0.43899075009606103
0.4335762659708659
0.44275527734022874
0.4303956776857376
0.4188619673252106
0.4210852850228548
0.4187075057450463
0.4098121076822281
0.4019712397926732
0.3949144586920738
0.3889249662558238
0.38651772114363586
0.390785523082899
0.38569295157988864
0.3808786869049072
0.3898636056826665
0.39177851875623065
0.3873640245624951
0.3831288393201499
0.38212848007678984
0.37837967661119276
0.38039452116936445
0.3804571565353509
0.37864354866392474
0.3802411241190774
0.3771008923649788
0.37413862025415573
0.3713322572017971
0.37185787084775096
0.37211246490478517
0.3695965009491618
0.37339791442666737
0.3754193983798803
0.37588211555372586
0.37678896122508576
0.37914165530515753
0.37680973651561334
0.37923007644712925
0.3773161847980655
0.37708587110042574
0.37498241955158756
0.37570525533877885
0.3758843962876302
0.37391542781282355
0.3771033379164609
0.3801773940878255
0.3780850104072638
0.3762129755883381
0.37598233960442623
0.3757593914866447
0.3779374326838822
0.3782792971018822
0.37654171718491447
0.3769959327764809
0.3797411373028388
0.3809327826355443
0.3826071713397752
0.3826640305273673
0.3843688865502675
0.3861851040806089
0.3879501605537576
0.3862785684565703
0.38465126614048056
0.38485341982261556
0.3856163855393728
0.38395259490138606
0.38689374923706055
0.38533913936370456
0.3866236960586113
0.3889673393219709
0.38717241235721256
0.38768701655108756
0.38623075241065885
0.3864334878467378
0.3891769100637997
0.3905522268871928
0.3900177526748043
0.38863546231930907
0.38877122958054705
0.3873876071638531
0.38608264726596875
0.38480224978664646
0.3840494123838281
0.38475995431555077
0.38763837814331054
0.386889873072505
0.38815252744045453
0.38908909656563584
0.38782916827635333
0.38661387979984285
0.3864224470487916
0.3859195083964105
0.3870163609101934
0.385861630909718
0.38495673196656366
0.3849520407757669
0.38494743727077946
0.38377343449327683
