Files already downloaded and verified
torch.Size([4, 512]) torch.Size([4, 512])
0.5513764023780823
0.5513764023780823
0.4570212662220001
0.410275436937809
torch.Size([4, 512]) torch.Size([4, 512])
0.38218175768852236
0.36349017918109894
0.3724414663655417
0.35957731679081917
torch.Size([4, 512]) torch.Size([4, 512])
0.3717227876186371
0.3613030672073364
0.35768050768158655
0.3502432306607564
torch.Size([4, 512]) torch.Size([4, 512])
0.34849801659584045
0.3619693028075354
0.3557531495889028
0.35177200473845005
torch.Size([4, 512]) torch.Size([4, 512])
0.3469465392477372
0.34267444411913556
0.3388480136269017
0.3354042261838913
torch.Size([4, 512]) torch.Size([4, 512])
0.3322619086220151
0.3294163237918507
0.3267491084078084
0.3242260081072648
torch.Size([4, 512]) torch.Size([4, 512])
0.32199535489082337
0.32901415343468005
0.3267282048861186
0.3256355811442648
torch.Size([4, 512]) torch.Size([4, 512])
0.3237158604736986
0.32190283238887785
0.32021208828495396
0.31982057448476553
torch.Size([4, 512]) torch.Size([4, 512])
0.3199611631306735
0.31848784842911887
0.3186089881828853
0.31724591967132354
torch.Size([4, 512]) torch.Size([4, 512])
0.3159464339952211
0.31471534230207143
0.31356629041525036
0.31375219374895097
torch.Size([4, 512]) torch.Size([4, 512])
0.31261268330783376
0.3139663792791821
0.31277536930039873
0.3153045651587573
torch.Size([4, 512]) torch.Size([4, 512])
0.31846301820543077
0.3201182057028231
0.3190336221076073
0.32205152946213883
torch.Size([4, 512]) torch.Size([4, 512])
0.3208904667776458
0.31983194589614866
0.3207443905811684
0.3205973437199226
torch.Size([4, 512]) torch.Size([4, 512])
0.31955655846955644
0.3186247122508508
0.31932364756410775
0.31999762090189116
torch.Size([4, 512]) torch.Size([4, 512])
0.31910699187663566
0.31823897772821885
0.318414162781279
0.3185835083325704
torch.Size([4, 512]) torch.Size([4, 512])
0.3177154616254275
0.31838151331870784
0.3176019792518919
0.31685833679512143
torch.Size([4, 512]) torch.Size([4, 512])
0.31980703473091127
0.3190507527553674
0.31830619431253687
0.3175877507995157
torch.Size([4, 512]) torch.Size([4, 512])
0.31689286145611084
0.31830165556498935
0.3196707653327727
0.3192007463011477
torch.Size([4, 512]) torch.Size([4, 512])
0.3190585779000635
0.31966329829112905
0.321171460946401
0.32049411456835897
torch.Size([4, 512]) torch.Size([4, 512])
0.3198378864046815
0.3191853547707582
0.3185018482087534
0.3182271793484688
torch.Size([4, 512]) torch.Size([4, 512])
0.317567425377575
0.31689757799229973
0.3178217285368816
0.3172468649489539
torch.Size([4, 512]) torch.Size([4, 512])
0.31667634283795076
0.31612136440221655
0.31619811092299976
0.31566198813644325
torch.Size([4, 512]) torch.Size([4, 512])
0.31513740139061147
0.3158641116486655
0.3153567897094475
0.3150944152603979
torch.Size([4, 512]) torch.Size([4, 512])
0.3145967145119944
0.31412211821434344
0.3150842641529284
0.31458464575310546
torch.Size([4, 512]) torch.Size([4, 512])
0.3140969897053905
0.31611465373817754
0.3156366203770493
0.3151790729165077
torch.Size([4, 512]) torch.Size([4, 512])
0.31532894945380713
0.3171979700233422
0.31745187055717394
0.316993772983551
